92
56
84
143
42
81
17
64
105
183
57
77
43
103
82
141
91
181
41
151
3
156
155
25
148
193
43
149
12
132
106
89
98
27
181
186
53
69
0
156
122
80
25
183
188
16
151
66
134
133
104
93
12
95
106
86
8
121
25
194
40
183
127
173
68
5
178
24
45
45
96
190
169
196
93
59
139
170
101
177
184
101
45
1
140
177
3
90
187
118
126
161
123
197
39
190
167
32
39
166
14
174
3
26
98
55
51
180
173
106
104
89
20
137
19
127
56
21
138
12
170
20
117
152
123
99
159
97
118
89
104
177
37
35
87
126
199
101
189
53
124
107
125
172
135
165
175
107
10
160
67
22
0
39
195
66
115
117
66
137
142
85
144
148
12
112
7
164
199
74
64
100
133
42
47
111
133
20
45
106
151
45
75
117
34
186
52
107
119
102
76
179
18
86
21
59
96
18
192
0
